10482907
10488940
9800642
10639543
10483235
10483345
9814812
9587062
9574456
9573302
9814770
9678808
9634567
10479714
11156608
9678398
9864591
9800383
9814777
11142730
9800578
11733213
9823094
9630563
9864574
9796331
9786859
13327216
10488830
9856798
9857063
9864508
9818791
9856926
10479164
11731932
9678696
11731555
11734554
9703905
11358985
11156609
9586931
11733214
9796444
10490876
12968862
9800474
11142732
11737842
12889340
9703889
9678481
9682069
10488741
10483271
9581235
9812197
9818796
9796426
10491126
12989802
9832281
12872498
10491158
9856933
9804369
9837073
12842657
11924888
9857736
11142736
4864783
11733445
9857764
11242130
13314187
11142733
9814604
10482924
9573303
9678743
11156607
9837043
9818803
9837196
11242131
4864576
9796689
11374147
11733250
9864446
9814857
9796374
10483449
9812509
9801792
13372108
9865091
9822966
9802093
9823200
9814452
9786924
11242133
9856980
11985400
9814565
6936841
10483030
9856990
9814582
9796991
10479654
11985394
9800434
9727048
9682192
9842818
9864947
9857079
9682125
9856901
9684217
4864774
9634530
9837253
9804465
9814559
9682060
9684203
9817074
9573238
9856875
9684119
9678721
13314188
9796669
11156748
7420516
9812312
9796704
9856957
9836842
9818774
9800390
12310406
9804363
9684232
10457378
11142734
9703913
11142805
9864610
9796303
10479583
9811379
9814541
9797152
9804249
9864475
11985290
11648433
9823097
9797276
11985395
9587307
9820026
9682056
13314253
9856995
9814789
9678754
9811698
11985363
11733446
9684165
9814555
9635790
9587989
9822894
9804426
11730696
9811236
11734491
10478815
11156460
9727095
9796294
9836818
13362202
9823016
11985341
9814613
9865082
9814866
9699761
10490893
9678457
12989804
9804436
9823082
9804455
11985405
9864623
9804202
9682089
10488896
10479817
9804633
9864932
9812167
10484563
9822979
13391954
9864630
8066092
9678730
11535754
10490944
11734545
9797372
9630707
11985015
9796415
9864443
11142731
9800555
9727094
9864643
11734565
13034230
9817068
9684467
9857793
9678466
9678435
11986413
9856832
9727112
9574470
9796390
9802078
9682096
10482841
9836980
9796381
9837461
12616375
9786746
9804158
9864864
9837109
9814596
9587612
9814506
9864674
11142735
9906182
11793439
9864874
9587336
9814735
9832263
13314186
10452566
9684207
11985057
11156606
9864459
9635714
9682084
9797028
9630706
11561447
13346361
12670790
9804008
10488771
9587159
9786840
10483255
9800361
9786888
12873578
9587308
9633486
11180611
9678411
9870060
12988530
9836784
12989736
9684220
9684183
13394347
9864584
9797410
9814750
10482993
9678762
9634563
9814524
9684158
9804328
10488840
11985041
12887721
10482736
9684149
9857015
9812383
9820019
10484603
9678763
10745191
9797052
10479824
9856950
9800603
9864507
10478978
9630600
9870034
9818830
9587329
10490864
9566336
9587012
9857528
9786755
9823069
10491261
9682109
9814507
9573266
9856853
9630519
9586941
10483408
12889475
9814519
9822959
12371307
9800452
9818790
10482821
9856989
9814730
9804092
11731540
9634556
10483288
12310405
12989803
9796817
10490919
9864626
9819984
9837185
13383196
9678732
9814823
9574533
9857790
9574532
9814695
9812333
9823089
11242132
11731556
9796366
9812438
11490582
9864993
9800357
10488815
10478710
13394346
9574422
11986418
10479782
4864577
9797437
9574438
9857039
9804261
9836792
9814400
9814743
9812189
9787021
13433075
13433170
13442796
13442741