12212824
7773335
10402547
10402662
10402512
10402661
10402726
10402690
10402679
5336010
2364471
3841675
2680853
1776605
7757091
3841676
10622709
7766492
7766502
11775867
11775870
7752916
7766503
11778178
7766508
7766509
357962
357963
3841677
368264
7744214
7744215
357965
7744290
7744291
1776606
7744308
1750340
6850358
3171729
1750341
7744330
2707418
7744331
1750342
7766518
357960
3926192
7766524
7766534
7766535
3638678
3594385
7766552
2707435
7766553
7766562
7766565
2707436
7752717
3926211
7752718
2695168
3208526
3523766
2740238
7752800
7752801
7752808
3280863
7752810
7752824
7752825
7752826
3980624
3997110
7752849
7752850
7752851
2759235
7768170
7768171
7768182
7768183
3997107
7768196
7768197
357959
10402374
3280788
7744402
2759222
7744432
3997119
3969910
3997120
3997121
7744463
3997122
3997123
4005610
4005611
4005612
4005613
11804384
7768213
3997179
7768233
11804402
3997180
11804435
7875356
3997181
7875372
7875373
3997182
7875376
4005481
7875395
7875396
2759218
10398666
4005567
10402067
2759176
3280712
3280745
10402209
11823852
11822687
11822641
5554058
10398416
6653712
10398374
7774901
10398341
7774927
10398219
6610987
9224961
9224686
9224597
6610905
11823143
9224458
2698309
3838956
10394864
2699887
10402092
3468542
10402033
2695916
10394723
2698301
10394887
10394938
2990694
358900
6610906
10233253
10233252
4575145
2858768
2858769
4545959
4545943
2858770
358897
7775520
7775545
7775546
10182886
7775547
10183708
7775548
7775549
7744586
5878167
10183773
7744669
10183842
7744670
7744685
10184177
7744701
11827892
11827856
7744686
11828182
7744660
11828249
11828387
5878159
11829097
5878115
10188505
7744723
11829354
11829591
11830741
11830787
11830986
11835106
11835135
11835193
11835267
11835416
7992889
10157606
10157266
10157279
10157294
10157230
11835523
10157318
11835554
10157328
10157333
10157546
10157532
8001413
12217870
12217803
10183066
10183004
10183048
10183055
11835980
10157078
10157081
10182917
11836003
10183560
10183571
11866246
11866304
11866305
11866379
11871389
11871570
11871619
11871681
11871692
11871812
11871946
11872010
11872098
11872282
11872317
11872390
11875696
11875767
11875805
11902445
8899006
11902509
11902576
11902586
10154790
10154884
10156862
10156887
10154955
10156814
10183103
10183180
11936455
11936461
10183195
10183630
11936846
4090844
11937014
11975324
11975400
10134846
11975581
11975586
11975595
11975602
11975615
11978785
11978822
11978889
10135886
10154450
11978977
10135728
10135628
11979571
11979591
11979619
11979660
11979683
11982247
10136017
11982266
10154096
10154964
10154977
10154190
10154118
10154454
10154429
10154443
10154918
10154658
10154749
10154530
11983043
10131870
10132325
11987210
6547857
10112753
11983130
10131842
10131839
10131823
10131831
10132441
10132445
6547874
11987134
11987144
10132390
10130900
11987260
11987257
6638823
10130881
10130785
10130793
8895796
11989592
11989731
11989780
11990066
10132422
12048388
10184088
10191054
12048464
12048463
12048515
12080277
12048601
12080298
12080314
12080740
12080743
12080872
10615297
10615253
10615255
10615147
12081035
12082238
12082273
12082782
10241303
10619359
10619662
10619661
10619736
10619735
10619862
10615548
10619378
10619536
10619535
10619534
10619533
10619227
10619545
10615577
10615592
10619544
10619543
6598014
10619207
10619272
10615615
10619608
10619607
10191514
10191549
10191548
10191547
10191546
10191545
10191544
12182759
10398273
10398272
10398271
12510568
12510588
12510598
12510604
12212807
12183135
12183019
12204920
12204676
12204589
12204319
12204349
12204368
10402266
12182469
12182650
12182313
12182292