9759138
12463330
7840436
7872456
12894332
7844265
12419107
7849210
12755087
7844315
11944619
7849525
13390054
11954147
12452088
12570717
12117780
12480052
11937874
8433494
8433478
7849169
12418997
13125999
11295384
12567986
12660953
9759142
11954140
13310923
9014959
11944611
12121039
11998507
12362639
12126424
9758859
10601692
11937885
13390107
9515328
12698663
12183143
12424281
7849440
12685527
8433860
13028580
7840318
12117911
12669103
11937888
13126072
12436769
12455053
12155837
12454985
12419061
13027817
8917744
9847214
11937865
9759920
9758837
12125186
8044407
7847941
8427595
12326751
12660578
8433566
13390053
7844029
7843999
11359312
8433859
12546255
7847976
7854134
7849045
13390055
12570556
12728282
7841426
12544453
12570557
7844247
12755194
13123919
9014910
12213858
12848259
9014631
12116316
8917742
12461053
12460984
12114988
7841553
7844069
13024262
9847144
12430197
12685368
12567865
12541018
7849095
8465238
8917172
8427646
12696194
12455027
12362640
9758856
11296030
7854128
11937819
13310918
8917171
12507324
12570712
12612604
13027744
12116786
13334726
11997967
12696161
12567934
12362693
12696220
12755101
12454986
13389853
11936465
7854146
9351675
13028583
7844354
8433891
12755093
11944396
7848010
8433462
11359399
7847966
9838172
12342018
12755102
9818344
12377761
9818332
12728315
7841468
7849005
8461974
8433565
9818320
12562514
8433890
12454998
12755117
12303209
12511711
13389836
9645981
7849414
13318242
13310917
7854063
13195118
9012789
12482255
7849134
9515452
7844263
12698536
7857018
12289246
12481840
7849344
12862510
12804777
12927072
12894625
12541037
12492080
9515305
11937884
12463400
12660538
8427701
11931263
7854145
9015149
3902242
8748291
7847979
12894461
7849382
12943938
7849113
12455081
7847967
12943971
7841573
7949026
11261030
12698641
9759905
12101877
12213831
12698643
7849637
13119412
12461019
7849569
7858635
13339895
7854097
8917748
9759134
7844333
8433490
8432308
12894333
8433463
12698617
9015122
13199780
7872628
12466966
13334727
9759918
12699863
9014883
12511423
9092893
7844183
12512212
7844572
12694655
12685256
9015403
7849458
12377708
12694627
8917747
12186678
11937851
7849034
13390056
12934522
13318101
7839956
12943937
13247864
9515440
12660565
12218540
12460916
12544588
11937869
12728298
12685380
12507120
13394866
7874137
7874964
10599634
7857066
12567909
11937876
12894356
8046182
12544632
9758842
13047927
5263881
9758906
7844359
12597485
12368412
8433535
7849365
12570698
8917749
12925018
9758811
12982187
7840381
11603897
7847907
7844081
12463316
8917746
12387012
9515387
12222232
7849473
8917745
7841526
7844381
7854099
13390051
13390057
9092900
9759919
5759627
12894357
12362802
13390014
12268767
7909310
12694641
8917743
12647190
9759911
13318450
13390052
11931135
13318102
9014613
9014815
12734391
12597448
12134716
12137966
12449435
13439798
13439593
13439583
13439487
13439466
13439556
13439652
13439434
13439745
13439500
13439435
13439366